2017.417
2017.583
2017.583
2017.667
2017.750
2017.833
2017.833
2018.000
2018.167
2018.167
2018.167
2018.167
2018.250
2018.250
2018.333
2018.333
2018.333
2018.417
2018.417
2018.417
2018.417
2018.417
2018.500
2018.500
2018.500
2018.583
2018.583
2018.583
2018.667
2018.667
2018.667
2018.750
2018.750
2018.750
2018.750
2018.750
2018.750
2018.750
2018.750
2018.750
2018.750
2018.833
2018.833
2018.833
2018.833
2018.833
2018.833
2018.917
2018.917
2018.917
2018.917
2018.917
2018.917
2018.917
2018.917
2018.917
2018.917
2018.917
2018.917
2018.917
2018.917
2018.917
2018.917
2018.917
2018.917
2018.917
2019.000
2019.000
2019.000
2019.000
2019.000
2019.000
2019.000
2019.000
2019.000
2019.000
2019.000
2019.000
2019.000
2019.000
2019.000
2019.000
2019.000
2019.000
2019.000
2019.000
2019.000
2019.000
2019.000
2019.000
2019.000
2019.000
2019.083
2019.083
2019.083
2019.083
2019.083
2019.083
2019.083
2019.083
2019.083
2019.083
2019.083
2019.167
2019.167
2019.167
2019.167
2019.167
2019.167
2019.167
2019.167
2019.167
2019.167
2019.250
2019.250
2019.250
2019.250
2019.250
2019.250
2019.250
2019.250
2019.250
2019.250
2019.250
2019.250
2019.250
2019.250
2019.250
2019.250
2019.250
2019.250
2019.250
2019.250
2019.250
2019.250
2019.250
2019.250
2019.250
2019.250
2019.250
2019.333
2019.333
2019.333
2019.333
2019.333
2019.417
2019.417
2019.417
2019.417
2019.417
2019.417
2019.417
2019.417
2019.417
2019.417
2019.417
2019.417
2019.417
2019.417
2019.417
2019.417
2019.500
2019.500
2019.500
2019.500
2019.500
2019.500
2019.500
2019.500
2019.500
2019.500
2019.500
2019.500
2019.500
2019.500
2019.500
2019.500
2019.500
2019.500
2019.583
2019.583
2019.583
2019.583
2019.583
2019.667
2019.667
2019.667
